13.260811200001626 Training_Time (s)
0.3563821999996435 Test_time (s)
97.24258829367194 Kappa accuracy (%)
97.58265582655827 Overall accuracy (%)
94.8060981795132 Average accuracy (%)
[100.          98.52140078  98.25970549  97.18309859  98.16091954
  99.08675799 100.          97.44186047  66.66666667  96.22857143
  97.91855204  93.07116105  99.45945946  99.20983319  97.11815562
  78.57142857] Each accuracy (%)
                              precision    recall  f1-score   support

                     Alfalfa     0.9762    1.0000    0.9880        41
                 Corn-notill     0.9469    0.9852    0.9657      1285
                Corn-mintill     0.9696    0.9826    0.9761       747
                        Corn     1.0000    0.9718    0.9857       213
               Grass-pasture     0.9977    0.9816    0.9896       435
                 Grass-trees     0.9775    0.9909    0.9841       657
         Grass-pasture-mowed     0.8333    1.0000    0.9091        25
               Hay-windrowed     1.0000    0.9744    0.9870       430
                        Oats     1.0000    0.6667    0.8000        18
              Soybean-notill     0.9667    0.9623    0.9645       875
             Soybean-mintill     0.9810    0.9792    0.9801      2210
               Soybean-clean     0.9576    0.9307    0.9440       534
                       Wheat     0.9735    0.9946    0.9840       185
                       Woods     1.0000    0.9921    0.9960      1139
Buildings-Grass-Trees-Drives     0.9854    0.9712    0.9782       347
          Stone-Steel-Towers     0.9429    0.7857    0.8571        84

                    accuracy                         0.9758      9225
                   macro avg     0.9693    0.9481    0.9556      9225
                weighted avg     0.9761    0.9758    0.9757      9225

[[  41    0    0    0    0    0    0    0    0    0    0    0    0    0
     0    0]
 [   1 1266    4    0    0    0    0    0    0    1   11    0    0    0
     2    0]
 [   0    8  734    0    0    0    0    0    0    0    0    0    5    0
     0    0]
 [   0    0    0  207    0    2    0    0    0    0    0    4    0    0
     0    0]
 [   0    0    3    0  427    0    5    0    0    0    0    0    0    0
     0    0]
 [   0    0    0    0    0  651    0    0    0    0    6    0    0    0
     0    0]
 [   0    0    0    0    0    0   25    0    0    0    0    0    0    0
     0    0]
 [   0    0    0    0    0    0    0  419    0    0   11    0    0    0
     0    0]
 [   0    0    6    0    0    0    0    0   12    0    0    0    0    0
     0    0]
 [   0   30    0    0    0    0    0    0    0  842    3    0    0    0
     0    0]
 [   0   30    0    0    0    9    0    0    0    7 2164    0    0    0
     0    0]
 [   0    0    9    0    0    4    0    0    0   18    1  497    0    0
     1    4]
 [   0    0    1    0    0    0    0    0    0    0    0    0  184    0
     0    0]
 [   0    3    0    0    0    0    0    0    0    3    1    0    0 1130
     2    0]
 [   0    0    0    0    1    0    0    0    0    0    9    0    0    0
   337    0]
 [   0    0    0    0    0    0    0    0    0    0    0   18    0    0
     0   66]]