76.64029750000918 Training_Time (s)
1.752853900019545 Test_time (s)
97.78844714871168 Kappa accuracy (%)
98.05962059620596 Overall accuracy (%)
93.43153566337628 Average accuracy (%)
[ 97.56097561  98.13229572  99.86613119  96.24413146  98.3908046
  98.47792998 100.          99.76744186  44.44444444  96.34285714
  97.9638009   98.68913858  96.75675676  99.64881475 100.
  72.61904762] Each accuracy (%)
                              precision    recall  f1-score   support

                     Alfalfa     1.0000    0.9756    0.9877        41
                 Corn-notill     0.9722    0.9813    0.9768      1285
                Corn-mintill     0.9651    0.9987    0.9816       747
                        Corn     0.9903    0.9624    0.9762       213
               Grass-pasture     0.9817    0.9839    0.9828       435
                 Grass-trees     0.9773    0.9848    0.9810       657
         Grass-pasture-mowed     1.0000    1.0000    1.0000        25
               Hay-windrowed     0.9977    0.9977    0.9977       430
                        Oats     1.0000    0.4444    0.6154        18
              Soybean-notill     0.9965    0.9634    0.9797       875
             Soybean-mintill     0.9913    0.9796    0.9854      2210
               Soybean-clean     0.9394    0.9869    0.9626       534
                       Wheat     1.0000    0.9676    0.9835       185
                       Woods     0.9939    0.9965    0.9952      1139
Buildings-Grass-Trees-Drives     0.9328    1.0000    0.9652       347
          Stone-Steel-Towers     0.9683    0.7262    0.8299        84

                    accuracy                         0.9806      9225
                   macro avg     0.9816    0.9343    0.9500      9225
                weighted avg     0.9810    0.9806    0.9803      9225

[[  40    0    0    0    0    0    0    1    0    0    0    0    0    0
     0    0]
 [   0 1261   13    0    0    0    0    0    0    1    5    4    0    1
     0    0]
 [   0    0  746    0    0    0    0    0    0    0    1    0    0    0
     0    0]
 [   0    0    3  205    0    0    0    0    0    0    0    5    0    0
     0    0]
 [   0    0    1    0  428    0    0    0    0    0    5    1    0    0
     0    0]
 [   0    0    0    0    0  647    0    0    0    0    6    0    0    4
     0    0]
 [   0    0    0    0    0    0   25    0    0    0    0    0    0    0
     0    0]
 [   0    0    0    0    0    0    0  429    0    0    0    0    0    1
     0    0]
 [   0    0   10    0    0    0    0    0    8    0    0    0    0    0
     0    0]
 [   0   18    0    0    2    0    0    0    0  843    1    4    0    0
     7    0]
 [   0   10    0    0    0   14    0    0    0    2 2165    0    0    1
    18    0]
 [   0    2    0    2    0    1    0    0    0    0    0  527    0    0
     0    2]
 [   0    0    0    0    6    0    0    0    0    0    0    0  179    0
     0    0]
 [   0    3    0    0    0    0    0    0    0    0    1    0    0 1135
     0    0]
 [   0    0    0    0    0    0    0    0    0    0    0    0    0    0
   347    0]
 [   0    3    0    0    0    0    0    0    0    0    0   20    0    0
     0   61]]