13.352519000007305 Training_Time (s)
0.34817769995424896 Test_time (s)
97.6027327761343 Kappa accuracy (%)
97.89701897018969 Overall accuracy (%)
94.94856043305877 Average accuracy (%)
[100.          98.98832685  99.59839357  99.06103286  99.08045977
  98.47792998 100.         100.          61.11111111  96.22857143
  97.78280543  96.06741573 100.          98.24407375  95.96541787
  78.57142857] Each accuracy (%)
                              precision    recall  f1-score   support

                     Alfalfa     1.0000    1.0000    1.0000        41
                 Corn-notill     0.9703    0.9899    0.9800      1285
                Corn-mintill     0.9675    0.9960    0.9815       747
                        Corn     0.9953    0.9906    0.9929       213
               Grass-pasture     0.9707    0.9908    0.9807       435
                 Grass-trees     0.9954    0.9848    0.9901       657
         Grass-pasture-mowed     1.0000    1.0000    1.0000        25
               Hay-windrowed     1.0000    1.0000    1.0000       430
                        Oats     0.9167    0.6111    0.7333        18
              Soybean-notill     0.9579    0.9623    0.9601       875
             Soybean-mintill     0.9863    0.9778    0.9820      2210
               Soybean-clean     0.9465    0.9607    0.9535       534
                       Wheat     1.0000    1.0000    1.0000       185
                       Woods     1.0000    0.9824    0.9911      1139
Buildings-Grass-Trees-Drives     0.9652    0.9597    0.9624       347
          Stone-Steel-Towers     0.9429    0.7857    0.8571        84

                    accuracy                         0.9790      9225
                   macro avg     0.9759    0.9495    0.9603      9225
                weighted avg     0.9790    0.9790    0.9788      9225

[[  41    0    0    0    0    0    0    0    0    0    0    0    0    0
     0    0]
 [   0 1272    9    0    0    0    0    0    0    1    3    0    0    0
     0    0]
 [   0    1  744    0    1    0    0    0    0    0    0    0    0    0
     1    0]
 [   0    0    0  211    0    0    0    0    0    0    0    2    0    0
     0    0]
 [   0    0    3    0  431    0    0    0    0    0    0    0    0    0
     1    0]
 [   0    2    0    0    0  647    0    0    0    0    8    0    0    0
     0    0]
 [   0    0    0    0    0    0   25    0    0    0    0    0    0    0
     0    0]
 [   0    0    0    0    0    0    0  430    0    0    0    0    0    0
     0    0]
 [   0    0    7    0    0    0    0    0   11    0    0    0    0    0
     0    0]
 [   0   15    0    0    0    0    0    0    0  842    2   10    0    0
     6    0]
 [   0   20    0    0    0    3    0    0    0   24 2161    0    0    0
     2    0]
 [   0    0    6    1    0    0    0    0    0    9    1  513    0    0
     0    4]
 [   0    0    0    0    0    0    0    0    0    0    0    0  185    0
     0    0]
 [   0    0    0    0   12    0    0    0    1    3    2    0    0 1119
     2    0]
 [   0    0    0    0    0    0    0    0    0    0   14    0    0    0
   333    0]
 [   0    1    0    0    0    0    0    0    0    0    0   17    0    0
     0   66]]