48.925112299999455 Training_Time (s)
1.710930000001099 Test_time (s)
99.01156134372852 Kappa accuracy (%)
99.13279132791328 Overall accuracy (%)
97.79004447995598 Average accuracy (%)
[100.          98.83268482  99.06291834  99.53051643  99.08045977
  99.23896499 100.         100.          77.77777778  99.88571429
  98.59728507  99.25093633 100.          99.91220369  99.42363112
  94.04761905] Each accuracy (%)
                              precision    recall  f1-score   support

                     Alfalfa     1.0000    1.0000    1.0000        41
                 Corn-notill     0.9815    0.9883    0.9849      1285
                Corn-mintill     0.9854    0.9906    0.9880       747
                        Corn     0.9907    0.9953    0.9930       213
               Grass-pasture     1.0000    0.9908    0.9954       435
                 Grass-trees     0.9924    0.9924    0.9924       657
         Grass-pasture-mowed     0.9615    1.0000    0.9804        25
               Hay-windrowed     1.0000    1.0000    1.0000       430
                        Oats     1.0000    0.7778    0.8750        18
              Soybean-notill     0.9820    0.9989    0.9904       875
             Soybean-mintill     0.9959    0.9860    0.9909      2210
               Soybean-clean     0.9870    0.9925    0.9897       534
                       Wheat     0.9946    1.0000    0.9973       185
                       Woods     0.9974    0.9991    0.9982      1139
Buildings-Grass-Trees-Drives     1.0000    0.9942    0.9971       347
          Stone-Steel-Towers     0.9875    0.9405    0.9634        84

                    accuracy                         0.9913      9225
                   macro avg     0.9910    0.9779    0.9835      9225
                weighted avg     0.9914    0.9913    0.9913      9225

[[  41    0    0    0    0    0    0    0    0    0    0    0    0    0
     0    0]
 [   0 1270    6    0    0    1    0    0    0    3    1    4    0    0
     0    0]
 [   0    6  740    0    0    0    0    0    0    0    0    0    0    1
     0    0]
 [   0    0    0  212    0    0    0    0    0    0    0    1    0    0
     0    0]
 [   0    0    1    0  431    0    1    0    0    0    2    0    0    0
     0    0]
 [   0    0    0    0    0  652    0    0    0    0    5    0    0    0
     0    0]
 [   0    0    0    0    0    0   25    0    0    0    0    0    0    0
     0    0]
 [   0    0    0    0    0    0    0  430    0    0    0    0    0    0
     0    0]
 [   0    0    4    0    0    0    0    0   14    0    0    0    0    0
     0    0]
 [   0    1    0    0    0    0    0    0    0  874    0    0    0    0
     0    0]
 [   0   14    0    0    0    3    0    0    0   13 2179    0    1    0
     0    0]
 [   0    0    0    2    0    1    0    0    0    0    0  530    0    0
     0    1]
 [   0    0    0    0    0    0    0    0    0    0    0    0  185    0
     0    0]
 [   0    0    0    0    0    0    0    0    0    0    1    0    0 1138
     0    0]
 [   0    0    0    0    0    0    0    0    0    0    0    0    0    2
   345    0]
 [   0    3    0    0    0    0    0    0    0    0    0    2    0    0
     0   79]]